0000101100110000101000001101110000100100010000000001111010001100000101110110011011000001000011000001101011001110000100101100000100010001111101110011000000111010000100110101110000011000011100000010000001001111000001100111110001100011011001011001000011000011
0010001010110001001101011100101000011001000010100111001001010000010001100100110000011000011010010000011000000010011100101000000101000011101111001100010100000100010010100011000011011100010001000010110111011001011100001011010011001001101100011001100110000000
0101001100101101000010110000001001110111001101000010111001000000010111110100111100100101001010000101001110000010010100000100101101100000100010011100001000001100001000010101000000011110110010100100111001000100000011010010111101001010111101000100000110011011
0101001010111001001011011001000110100000010011011011000000010000011111010000011110011011101000010101001101010001000101000000010010110001000100000000110000000110010100001000000110110101001001010001000010101110011100111101000011001001010101001011010100000100
0001001010000001100000010000100000011110010100010001101111110001010000110110001010001001101001000110010100101010001000110001011100001011110011111000000110101110011110111011001110010010010000011110011100001011101000000110010000100000000010010001100001000001
0000000010110010010100101010010110010101001000001111000010000000010000100101000010000000001101011110011110011000010010111110000011100001111001001101111001111000100111110000010110001100101101100010110100000010000001100110101001100011010101011010011000100100
0000110111010010100001100010111100000000100010001000000100010010110100001000001101001100101110000100011011011010110111111110011100010111100100101000000000010011010000010011010100110110100100100100101011000010001000011001111000110010000000010000100100000101
0000001001010101101100101110001100101101001001001110000111001001010000010100011000011010110000011001101100010000010100100000010101101000001100000001000110100001011010110011101000100101000101000010010110001011011010010000001100001110100100111000000101101010
1000001001100010000001001010111110011011000010000010001000000010000011000110110000100000010100110101010100001011100010000110001011010100001100000100010101011011100011110010110000001100100111101000001100100111001011011100001010010111001011001001000110010100
1000000000110001001100100110000010100001000010010001111100110001000100100000001000010011000000000101100010001000000111100011010110110111011100000110111110000101001100110101110011000001110110100000000101001000000001011100001011011001011100101001111111000101
